181223          92.845431872        44.648940151        54.941291720        51.171417872 490     
832114          87.848303614        37.875567074        91.529645189        58.408414384 991     
130849          43.993580409        39.577598272         7.039105301        34.189324918 350     
358942          86.120646609        14.013075687        16.409000372        41.601800181 103     
767920          54.203832481        47.950964719        18.562291482        11.003003812 725     
29657           75.363549040        27.632460559        46.574632260        48.791788653 29      
769495           8.585092904        70.001976694        52.180824664        82.127285976 893     
372203          65.108339124        19.484094974        65.668544987        95.940138028 709     
880048          74.362832273         5.573612106        54.381087380        80.416547949 652     
464684          71.331344327        70.357797131        56.519059097         4.707057844 796     
28673           48.826038272        54.537100928        74.937083243        82.383392545 387     
140628          21.810528790        61.355072739        70.915698054        24.901108815 583     
542000          97.711408265        52.097194776        34.421283671        68.512285806 x       
915737          22.186310965        44.252151086        76.964111207        64.404236839 450     
298628          90.478762418        51.338026462        21.619122794        93.717555724 437     
869375          12.145300945        86.980028063        13.721819186        88.595764465 639     
270876           9.535731898        92.723723560        53.034794961         4.642120318 677     
381954          63.776210111         8.471443566        53.108390695        88.403842897 818     
558728          91.072784202        76.801535208        14.005050762         5.922867665 377     
466588          29.325861046         1.348670827         9.605336800        96.229811734 854     
438177          87.753311839        25.586458326        72.012463663        87.652982916 723     
755166          66.631818448        71.463315051        67.111215900        32.972664897 568     
150214          30.940665275        44.025284387        72.101522266        18.939231341 797     
377017          22.644545920        17.024607719        42.407716646        97.173033486 680     
202001          20.460499316         8.573928703        42.947970683        24.522363669 422     
63534           54.620070546         4.414298759        21.420613762        35.066841489 925     
874380          90.142046970        65.512385317        69.856503961        30.216835197 824     
276134          31.170155461        74.628672043        90.799602166        22.723193656 156     
640036          44.223042499        29.469597914        71.008125719        66.263456536 468     
30297           91.961148429        83.961493216        17.101022141        17.790331734 919     
95105           60.886329794        63.781118158        60.166017860        53.228174105 314     
66555           20.286964765        11.158117468        88.285705866         7.064651539 866     
537267          64.736845868        34.520146634        78.159274075         4.394609327 485     
80182           12.945551868        16.959504776        58.600652185        49.425095517 950     
878706          81.347114270        62.910770435        87.039142556        44.547503603 8       
17802           90.882431178        15.893821988        32.302377717        62.297513357 924     
368351          29.679561075        82.717422331        54.294004367        92.468449959 529     
125606          90.605641947        35.127594912        86.655828830         8.391762086 414     
828798          38.660297821        59.251230975        26.551304021        63.454683224 90      
276066          37.962826957        10.098361296        17.993506986        53.048004210 27      
50722           26.117695906         9.130356721         6.393766071        51.251629524 71      
624748          95.702888865        68.119567254         4.087190697        42.084421355 405     
147851           0.226239640        14.258465700        67.565587544        98.184520274 436     
402707           8.208098714        69.653636202        31.812801502        56.351100375 943     
8336            89.880320942        91.753219906        14.701903159        98.363014275 748     
784003          71.143387450        89.131262636        16.780219502        69.328428575 410     
263797          45.157651249        60.368837750        83.436951527        62.560828285 852     
57515           27.771768602        49.710116252        57.735258640        74.144649937 425     
512527          22.330573203         0.696694202        29.218291961        20.420864327 500     
743846          52.940768310        51.159055941        31.602752364        91.581747951 841     
494500           4.184569812        63.955483864        18.271772324        57.595114728 752     
154481          52.710595413        74.672761979        50.703193786        67.194776404 205     
7629            71.814834469        52.034145881        26.463906318        22.520847259 44      
318885          39.593329594        37.748028732        55.095553609        93.422768646 397     
347512          11.739228237        95.597910640        96.272581802        35.967422228 467     
167488          66.432321062        17.589880951        62.824350377        32.489095969 578     
172445          23.468776361        36.165856468        20.321713155        29.681056018 382     
937745          16.630142530        48.148465634        41.644654445        81.950446772 81      
661465          96.216586943        97.381207916        18.056410378        98.168079759 258     
575294          58.230580526        71.001139854        42.752819800        45.171321173 533     
258660          84.265556380        40.225508165        39.180202601        40.499177223 892     
40851           35.718071778        81.285801901        11.698640209        30.732968454 802     
590979          43.853050248        19.423054048        36.280618765        67.962619120 197     
758550          86.155859633        82.110653436        37.092968663        71.809736472 782     
160046          84.756833392        13.851045699        72.879762587        44.250096697 386     
351991          19.766481143        72.623881920        54.117377772        73.904490900 311     
460588          45.364739210        25.899219941        61.379022444        22.396767936 622     
4342            26.986683356        69.379457185        90.839513773        25.084723889 175     
13796           76.119768504        36.453896100        94.574333228        24.956504550 196     
834211          10.561152313        91.033748152         3.844423299        81.029048289 798     
460373          93.038554657        59.566792225        54.232223607        67.996648907 971     
51399           94.566708425         0.304646399        83.247410035         0.951595183 487     
728931          44.154388844        59.185087307        90.053232592        34.001529762 263     
285388          64.520760735        51.189232637        94.596243488        93.775854198 619     
511844          38.666100285         7.315300922         9.653808801        61.153963429 48      
13559           35.245680702        82.504206372        87.631609954        76.892285125 68      
123232          92.683443720        26.788764653        29.580584623        46.229905594 486     
922521          32.198524323        32.007709963        48.727311735        23.175491156 828     
231623          98.896624307        14.206526378        60.692620746        76.639483935 275     
807126           5.835855954        26.271489127        86.981716931        67.654341696 169     
718383           0.426106730        37.339132283        65.967386519        84.174743370 959     
938833          87.140425891        96.701629356        42.246014781        48.051387496 514     
119976          22.325537410        33.581024627        22.802111572        62.336415020 192     
718116          95.936475894        38.961604318        36.840111434         7.604742010 80      
419952          95.977600490        89.514443360        54.243341818        57.839483814 556     
637964          69.868890223        88.804033171         7.424262064        46.493798866 28      
496984          27.721349314        73.515083998        90.622810495        59.931334160 607     
171084          54.663104774        57.645280566        13.659268023         6.745418558 160     
344065          96.043443111        24.344419481        74.440221213        81.153120139 473     
716448          28.618401640        60.118192655        75.162565143        51.249674629 868     
830198          40.723404621        78.885009523        22.931176220        29.467599123 434     
630696          12.317505995        92.329374422        49.770326844         7.865960492 233     
269379          84.742948053        50.549161150        74.140093934        25.927760094 695     
456871          45.427691455        49.563201169        49.895356122        25.019086526 986     
636286          57.591398877        25.175975739        26.956412697         3.358458617 911     
712719          43.391997260        24.608714748        97.822205345        92.748097244 914     
912665          36.881268905        94.344645824         5.451536841        71.250656081 588     
711346          58.234703698        77.944081215        23.421489196        61.396167658 357     
421467          50.130979654        46.136120270        31.109320371        70.074647476 820     
608151           4.986182632        15.904543586        64.512557253        72.051860121 982     
552539           8.301352010         6.690852129        40.303553211        95.897184519 835     
588157          33.574905390        52.302906030        50.338353446         7.242409115 664     
411701          44.248162272        29.472716390        87.734986813        81.654923778 521     
359250          17.368445032        57.245517979        33.046780493        39.255350189 245     
671891          77.252627703        99.913254013        75.957072636        51.315700097 898     
574721          98.392256737        96.920486509        35.621482375         3.000072530 127     
387950          53.562259347        51.926014897        68.363850934        55.991540672 295     
99211           55.180423242        65.439379590        47.749066417        52.241327201 738     
697288          17.234145114        32.364147365        23.657608475        74.981362356 129     
240581          67.112408861        80.710942934        36.948488021        68.902652187 264     
108709          46.074529660        71.191718944        43.262942917        41.988539241 174     
26229           39.389717876        23.019149161        22.906888897        89.887076657 576     
771074          86.616484858        29.836084254        59.104738640        83.317323596 787     
700689          77.315308605        54.940474710        63.269766045        34.423496300 154     
225034          17.334553479        16.963176736        53.450947332        20.399342260 814     
466280          72.277525424        21.582011001        44.818438463         2.264194518 19      
628606          53.013007695        32.390225460        27.999425374        75.640147950 267     
137742          52.261734173        69.469435810        29.187675761        37.039584870 659     
208842          70.283663430        78.046135702        88.563082978        52.804665644 168     
112572          86.092391163        68.659903893        67.738483624        83.611404127 681     
384572          32.427329884        58.526031208        20.959621166        15.479021351 106     
766349          32.919916419        20.966258983        46.934024050        98.207328630 613     
716014          95.799070952        49.225047621        55.713864636        44.671862949 262     
774830          56.648574973        62.778259344        88.367773791        25.930032765 484     
327211          18.435676618        88.778787553         5.298392267        59.670677817 791     
584098          32.360009030        46.275349120        51.553967380        30.969533775 347     
534118          42.738669193        60.173043133        36.849983244        51.553197278 648     
575022          51.679681151        67.621907049        93.752701481        80.487307976 59      
514588          20.901639942        34.905821404        31.119317864        46.254726008 910     
698159          50.422369803        38.786776586        34.361436812        68.879679131 282     
941221          55.378900250        63.085431277        45.725659219        90.167531563 423     
848302          73.283780600        38.002294144        58.779663776        10.526213301 254     
727949          93.255359786        37.517264586         4.762587210        32.769025915 916     
523991          44.880540638         3.164891520        74.972564540        86.377369383 771     
310268          54.470598680        53.616187539        23.696546989        35.959331577 965     
342792          50.897569802        61.021876234        97.946842710        58.172513235 471     
446460          66.933326027        89.481801547        72.534235632        54.581741639 222     
764032          68.885295146         3.154202788        22.937154605        73.181312964 985     
898475          96.036292657        39.111849479        45.099863393        90.859182235 445     
985805          53.017793491        16.473250447        47.172765934        96.503894114 980     
179394          73.140309843         0.107315085        32.435868321        88.264481523 153     
549165          69.259427797        94.607906018        62.551111832        98.453759462 209     
690515          40.671084883        46.959169803        57.988310141        59.251099626 765     
843937          19.050805488        21.175050983         9.056184938         4.686147868 921     
792050          82.931304272        13.949418394        65.508000581        65.741188225 763     
501491          23.636830873        24.897332868        48.179207611        18.159196840 519     
784657          44.780127339        48.252517755        97.524365979        25.288059355 359     
233583          25.160275599        44.616359349        13.778291294        13.578524141 668     
366777          89.005332564        29.881164463        93.558379101        75.350049783 36      
570962          36.961234695        16.914506388        52.745741085        43.080695396 894     
439589          62.869780970        91.587813904        59.664057435        48.032651409 900     
133479           8.381524446         3.127076708        33.381496599         5.078618860 496     
897854          98.599876670        31.290668707        56.586364036        24.071100944 138     
180114          40.516096378        30.568872147        88.462845089        21.972589443 0       
701400          40.478404873        72.430949869        14.146745076        52.619548019 826     
958271          28.358705361        16.567124449        36.320443682         2.532387601 248     
276851          27.976059104        83.502353834        86.415892121        12.622448079 609     
828             68.516287365        42.868653788        41.255661967        83.200784835 739     
838259          70.055925366        59.145150277        26.360546573        34.816093902 698     
2512            93.616014288        64.981365935        26.419010196        68.543818317 987     
171289          54.229157728        97.761691758        74.427609105        86.721579496 498     
187607          77.869305544        97.647977136        57.108355762        64.346896487 676     
366490          48.565794512        55.790469570        95.024572597        90.094436894 634     
890046           2.319375513        59.701391614        68.075984610        23.953872989 878     
671358          57.959071230        93.799371789        36.134342289        89.809843695 183     
221415          66.145461400         5.193557214        91.881977028        15.855271621 219     
548851          25.352536437        58.760712743        20.454426961        11.521423522 141     
990770          37.936101136        69.638877973        88.137434612        47.927777168 953     
209300           0.636241729        80.856364906        24.813480070        46.767815528 481     
808694           0.515084741        28.926949109        28.497281845        32.183033382 366     
632794          24.202498993        67.307419056        20.536522705        29.759275327 744     
430981          96.967465146         9.197270521         7.408703808        71.073503577 392     
392716          28.101609477        91.585415223        69.454500738        83.517128392 831     
804032          30.128893876        63.120546607        44.822258858        29.114058800 238     
109882          72.268670014        46.856767304        31.213702885        80.124324607 426     
5247            51.270588963        37.894102266        29.238255761        63.278834952 243     
604711          61.088950753        62.347973247        26.117311617        73.756009601 879     
958013          69.673359849        32.803726308        99.408136330        13.313850305 155     
982666          86.107086442        28.964509983        81.392936266        55.733990380 857     
369694          44.515095044        18.800431281         6.953585255        84.064786738 544     
806332           7.283383718        65.433829969        40.209329294        32.431530678 674     
426416          26.019656303        94.043369925        31.731553557        52.627039123 889     
757709          13.411352264        35.680680818         7.378172282        54.427175944 63      
671887          20.885037098        99.577003284        24.593088341        59.461151148 104     
671087          71.490323618        57.491468331        47.027517720        76.537807944 164     
599770          97.763284942        42.295331305         6.967480180         5.940991726 439     
865050          31.423680473        28.932382537        21.243977759        90.592338566 256     
196603          69.374550773         8.825131377        51.629012943        56.314010897 776     
932742          79.926112268        70.575490428         8.177183176        76.597219008 537     
953267          53.251160194        95.655742698        31.079624625        19.026622088 362     
184685          83.177758729        52.287940156        94.733296358        98.247761648 740     
911975          39.269085085        31.757273826        28.887657012        91.989660377 96      
121350          94.058131872        22.162249613        40.447580876        56.570182507 456     
152542          71.346946882        51.853956919        86.784974220        22.521548712 451     
860804          36.472912300        81.688307081        58.369609492        81.641238194 364     
826064          80.598289145        51.373899787        99.172873137        82.705459245 208     
14188            2.266624648        97.232200340        74.985484915        65.814364203 393     
592254          52.620513482        53.139278752        27.659625387        99.124442299 940     
411370          79.491628342        99.758984420        96.402553582        96.313688474 102     
944619          20.072115472        36.326726305        40.904405760        51.308604425 888     
734389          41.954308173        32.879196609        64.035466763         3.134524777 757     
518481          40.251241102        82.450966788        72.594023806        77.668347785 705     
185488          19.597722917        60.956824559        41.057613081        59.390278663 917     
710618          68.617233436        59.363444670        34.226865418         6.455226350 97      
646319          65.557186231        70.107699520        49.382924736        66.226409425 764     
157510          41.712873115        25.396178387         6.522144622        51.236738811 937     
319899          29.079662413        12.480973048        82.758675467        57.355171886 859     
823865           4.025990273        45.522972319        23.991823424        53.493466856 253     
826184          78.510196881        50.727471805        34.080694724        90.930032669 385     
549311          42.052339680        17.651259213        53.825139793        35.538326854 627     
894204          30.329272108        27.063734120        15.080423189        26.640366378 441     
972851          67.682457334         4.956537122        58.193399031        17.572078618 819     
41458           62.088166735        80.525395002        40.755447233        84.180664285 250     
687226          49.841611328        21.151908631        71.275496737        82.801331734 449     
21722           76.040977704        19.749098112        69.220430464        20.248943149 454     
154007          43.656495056        58.951135063         1.692946585        34.850120513 51      
6961            82.674244043        47.395286200        87.258106148        68.488693763 637     
90555            6.323730997        36.034604418        63.010534224        62.642044215 746     
182927          92.967295865        59.292339255        14.116708249        78.464364279 190     
222682           5.633203326         9.902316850        46.437216217        30.192316171 881     
323919          16.214895202        75.492798243        91.688547601         4.607770172 227     
406158          13.176336608        71.314327914        98.675058691        40.327358353 729     
449175          31.978271753        36.396209499        39.392046354        70.073902224 706     
437495          35.336913334        14.331075637         1.622162931        53.659690608 990     
198873          46.613868290        45.013453291         1.591754263        43.137885099 369     
182257          88.773160168        58.132754920        69.476580338        70.187581901 218     
928523          72.780464885        21.367409400        70.820157773        31.079983330 345     
325603          47.014816893        32.237173442        83.320565812        49.940306507 232     
860410          59.173700416        80.141382025        99.495940318        55.534557785 194     
421382          59.249575271         4.969255260        64.885444479        77.033829845 476     
530460          73.001078290        24.338702394        34.743861833        56.786742541 858     
485090          39.039216645        49.605006317         3.289459371        24.218854122 645     
326671          24.508828343        83.659682519        80.543512735        17.919032514 124     
631124           8.442006234         1.112263520        27.035002239         5.846091682 278     
564705          14.391937048         3.054546342        98.052294404        91.476500528 872     
409356          45.825123602        23.181742676        10.088709938         7.618319214 198     
147564          18.598623471         8.991175119         2.453964108        78.434828096 42      
355868           3.594847175        95.300068157         0.197357559        90.463296053 832     
804386           0.565817303        89.712304068        93.153204085        28.338194661 702     
399837          94.600160772        54.070085535        40.928901003        80.447831011 777     
531925          70.425617744        17.353195008         4.769804678        43.492833305 688     
943209          85.458401101        15.643280672        30.894842945        79.107862412 199     
945048          41.503201682        29.669633893        61.927957424        71.520500214 308     
5301            12.391253346        89.005857198        78.345737760        90.394396506 216     
985792          24.459084640        38.094254802        44.394928933        81.137707306 139     
362420          67.510600760         3.726196167        41.154665903        81.942838706 975     
957298           2.309977795        66.071622958        70.124300819        73.133113714 177     
98452           34.059854325        27.210708998        69.295612689         1.366732024 107     
958316          28.777248177        97.464266909        31.097956936        75.765212537 969     
780166          86.937593369        99.554341346        33.806711337        16.587324980 483     
43176           64.880042289        67.535464709        75.793315443         1.896565978 865     
972299          36.312826147        98.155461876        64.132561648        38.774039332 211     
330275          95.441995237        85.163537326        42.618937935        95.435566150 470     
824030          72.812962019        86.103531148        30.176567213        86.978728659 195     
848691          59.683890477         4.107651470        83.171650379        73.536995580 384     
562795          90.272547992        65.955893130         2.995144836        62.899180159 656     
867485          27.082356880        71.047916061        64.489015275         2.509823984 15      
338713           3.437924089        15.745574458        14.023712006        34.745151941 428     
662486          50.195064337        58.498215421        48.042185290        95.899985694 625     
455080           8.898980380        38.094363502        78.050772106        97.134393002 400     
181763          80.171011109        20.693680236        12.224480183        10.872078305 225     
670680          54.621179987        17.421357407        59.727853207        14.878964649 838     
716192          87.917779573        68.551420305        20.558533081        50.341803362 374     
729294          78.603649615        68.067316518        80.203155560        98.986614705 795     
241374           9.350257431        53.367331961        56.961625290        16.235814672 626     
528246          64.727970531        62.799269278         6.867264287         1.301712566 363     
207496          45.591505316        45.675604590        53.743661971        80.315999500 933     
629225          45.704391999        96.966275579        58.317680101        15.182634889 718     
191305          23.547492409        42.318915015        98.784808163        63.475269794 610     
113498          93.399497944        73.752720722        45.297977417        25.823629223 435     
505029          21.090388945        44.953812122        46.180224336        60.055176908 636     
699268          90.514196570        42.805294537        38.117328588        63.200568131 113     
741567          54.389084338        44.703144038        42.444704707        80.440960827 299     
626895          78.841769100        24.928799263        12.250963041        43.716804624 116     
546286          43.363671615         4.502673086         8.891594768        68.782098940 166     
231832          34.362023815        97.293399475        26.043456282        80.415947816 546     
206826          25.891034014        95.526501018        44.124113065        91.807967919 760     
261309          68.154677627        47.059677785         4.203262431        90.579428493 337     
631576          15.201136772        13.049979483        37.892126823        75.672746404 170     
446401           7.271887831        22.846088764        54.845167381        93.491832346 136     
19328           21.250002772        29.370638045        61.647656896        41.458340645 214     
82223           90.798464179        95.894163633        88.107568894         5.064231170 666     
698782          17.064445903        96.371160552        85.757092422        19.871715944 968     
258050          67.443042506        22.304281373        52.639767899        11.743231847 60      
800854           8.457961192        91.612186195        39.740250244        30.063942853 692     
502725          53.582794226        22.003278333        26.022016876        74.986880485 270     
919001          12.717568543        64.525248661        48.563700602        28.627234725 642     
208511          55.962565981        65.077292253        95.002100304        56.893537273 118     
206497          93.186197502        23.688063488        31.060380253        99.057191442 276     
300979          42.598493093        51.776000459        91.454699183        40.560754132 474     
502479          21.782470695        62.050038792         5.196803267        24.523147483 285     
132897          56.344922813        10.913174834        76.758945080        86.836389601 151     
615984          98.786974087        28.759804273        13.126155911        10.733083151 525     
855657          55.562260220        56.610219347        77.546323307        75.711716258 532     
583479          71.986915835        97.350418270        24.069421137        19.858319337 125     
388103          64.556065934        77.368249626        54.670495161        91.452363132 690     
900011          55.472899353        47.625355847        77.080597391        95.186070593 507     
468409          77.970754896         3.351839027        15.243756061        71.372233940 608     
963780          28.939768199        45.998388173        14.152153530        46.949937871 527     
741823           3.990651395        75.233268596        42.456194665        58.120422396 877     
27983           53.221908411         1.539574462        41.189452107        70.442465086 10      
634344          79.340555937         5.355681686        90.471289542        83.560608679 318     
816345          55.956904874        50.072280246        75.654170571        15.058881383 618     
763640          87.622689514        33.385469740        89.026822858        18.074685640 628     
350402          68.473653707        29.453525892        93.026444959         2.460831801 775     
218787          93.695289117        92.175490387         0.057650789        83.375180236 833     
762407          51.963634310        34.091290343        32.444382710        91.444741524 303     
130792           2.067373854        68.344470583        32.464647569        16.456892485 2       
948961          30.983926454        18.293042500        75.632607059         6.617085680 328     
442249          79.587284022        23.163287905        82.851069827        15.759932126 979     
397450          18.741228743        51.308840205        31.259335457        48.937710441 315     
352212          37.324489212        24.299716298        69.532013907        83.562978026 726     
984696          60.307351695        86.922852133        68.378561760        14.623324954 244     
853703          54.245905439        29.488882835        32.327841342        38.002770776 413     
95209            7.938210959         0.274942505         6.778557515        70.412773813 736     
397948          33.406514396        68.208932603        62.324051836        56.894739892 239     
199127          61.635587580        41.644541673        99.395488652        56.995356945 455     
81912           68.232650950        66.609442898        74.598002838        36.553899727 281     
634728          52.037294604        52.883239149        74.869915082        94.325655029 629     
55793           59.764032277        94.517583603         9.912009107        51.727811478 834     
984368          79.416702571        71.832349395        11.764062984        77.899579515 312     
658402          57.290788274         4.529796815        49.310225661        89.211420988 665     
516984          34.688067771        36.368036635        96.962830257        59.501078076 555     
322404           9.426062778        70.948547964        80.306044397        47.145282112 687     
35414           26.870333239        95.395624990        44.074079176        41.086481222 712     
340066          15.769130155        67.688904929        79.330062003        68.622117860 567     
383064          28.141151994        36.762172685         2.794732364        90.414830286 960     
205503          35.207923412        60.139340350        90.830056766        30.893804895 329     
951654           8.699921597        45.834444378         2.609309102        85.776213669 885     
206215          53.055819054        59.796753537         9.975358623         1.706032669 288     
262977          31.136008049        71.490830176        47.735773441         7.377784432 46      
680394           4.739506775        96.220291350        48.969869807        23.588497231 758     
704370           9.090171374        29.809580896         9.566321625        21.657437605 593     
887085          38.806486021         3.946138233        95.099233712        78.912284317 163     
195304          35.605771165        11.051458623        60.688596198        60.159909212 954     
204284          50.226809978        19.250089295        88.369335260        85.432770771 657     
997523          45.446507385        13.921389045        55.285678280        49.253915725 x       
261741           2.998309508        21.629430361        90.223186701        58.791289872 552     
565243          30.339213747        86.694174938        50.470684326        51.910797635 401     
108271          36.508482584        33.083886712        50.269919873        31.615229225 110     
750067          16.927566335        96.000484217        25.552914015        67.347710831 714     
240059          59.433627034        73.287666246        86.766737969        77.536382539 673     
851673          22.547619886        80.506930266        49.160544045         7.115343617 808     
651117          90.703066901        34.550069503        51.924840926        61.934456127 827     
337765          43.082205343         5.125064447        74.898158245        38.167553288 257     
929003          22.286505208        57.959085492        53.693157086        73.671480804 188     
78001           52.619641996        53.970189590         6.986030735         0.747232390 33      
585147          18.146511114         1.876851477        47.691615633        44.761670216 755     
624553          66.146856098        13.612083901        39.197555189        16.849631077 463     
642502          26.333371631        97.820205427        68.826640872        70.514057536 974     
132246           3.839096860         9.655671025        47.209612664         9.570294566 291     
186846           3.974228813        67.630126247        54.122071979        31.902004499 161     
341686          36.592303718        62.693424904        92.345275438        60.128150418 653     
875939          15.109629186        69.111898854        96.580647204        77.270442932 419     
53523           80.182154305        62.868775407        87.715262705        43.675520265 643     
88754           61.971101866        86.603552978        59.790242601        81.325400075 862     
580973          85.921239173        97.527023862        16.272417939        73.962960469 294     
712049          25.922351667         5.112566945        88.495912364        65.002461754 95      
257210          17.593043006        75.681590064        25.995194788        31.378796277 283     
785556          83.209628348        36.168010335        27.287506850        99.653157093 144     
489496          12.968893224        77.061496082        39.881992459        15.863016911 707     
693651          15.113033172        69.027171414        12.266325701        44.796651029 539     
954460           1.846122123        65.103266723        78.871038720        28.410679933 421     
529077          54.196058202        45.810400217        56.819584866        79.439819099 230     
861907          86.912261508        26.732467600        39.527078911        11.025910709 488     
357900          43.022070474        48.464874000        39.368373642        39.391578134 493     
811940          88.936539467        44.563736717        38.833874230        35.463155383 846     
746683          30.338117457        48.547599555        94.682488050        30.462801290 708     
852801           7.189501188        84.120808600        63.809468479        23.915149378 313     
199085          31.738859948        75.793809619        49.983721668        64.822958205 316     
647216           7.776435918        61.898961141        27.975983748        54.062290430 849     
142976          12.276468566        56.552826831        55.912632062         4.362928609 761     
342401          65.712221754        81.072488829        28.114930901        82.196594243 380     
731987          43.642589102        22.264238456        46.925422479        63.994277580 538     
716430          46.465086829        42.746955506        99.630594369        22.834631922 89      
848268          47.456053387        67.427151401        37.298728932        24.748665640 131     
797517          56.560229054        88.690173503        56.759743381        92.930173877 582     
560242          88.811715729        86.493965664        13.680708210        67.433709732 495     
281690          37.828833393        72.055016691        86.495561667        68.026536988 650     
139797          96.879788750        99.922297650        32.394941144        41.344045730 11      
342728          16.072256808        91.264989933         2.762810144        37.855849929 135     
290480          57.926956287        65.922300299        30.741963686        19.400285070 926     
173649          89.360269593        67.507516176        79.508139722        39.382956195 855     
329255          41.153582166        72.279310360        67.496204921        25.144211947 252     
850272           5.786646454        82.228091117        84.766865682        74.849563151 651     
826287          90.135022670        68.895818388        51.616720595        47.747184319 38      
161967          15.377352733        18.776775802        17.795939111        65.762282183 957     
29008           83.101079062        50.403483892        78.697398684        62.396592256 5       
966457          33.942306607         1.145510598        52.929925639        80.117743980 851     
692952          90.233160829        56.701843527        72.582000732        55.755556883 361     
417129          61.735281368        70.564039554        20.086770198        78.197809439 84      
990388          20.677705073        29.549686611        43.245900676        51.192232414 167     
436283          96.788810369        79.645756842        43.539626137         9.264405949 223     
14893           19.448844960        75.070980773        41.600196874        29.008163010 805     
655258          33.562965398        52.408032332        90.919671821        76.492319974 829     
201518          68.250614670        56.405974187        10.419782191         7.933991841 24      
166009          59.293817773        19.710004477        12.452973421        23.634999788 55      
319115          56.656804476        28.279961571        25.831191659        39.597305007 417     
115970          79.130150766        32.333099132        43.105005240        80.117867317 886     
38193            2.430718545        43.757213811        41.212459106        39.882588325 589     
456729          10.273574817        73.276825684         4.534383671        37.957016507 93      
568388          20.347896016        10.377792538        92.684525440        45.724311736 806     
294540          28.928302391        28.369927570        11.398879012        42.402967226 545     
122643          20.194200390        43.293195488        31.479779711        49.351959056 76      
645089          47.472323879        62.892821151        65.773233048        69.696270780 531     
626879          25.727095959        66.480499061         6.841292903        12.930462727 273     
371318          66.505863879        86.151743535        18.888380345        25.670266862 7       
586796          39.268285691        82.814859756        73.135766340        91.524479987 671     
510422          94.012251850        81.682776521        54.390181613        40.025931682 595     
685914          43.718545419        68.184987560         0.407878588        57.934500728 213     
784179          92.706032939        27.659128411        94.408867153         1.841213816 817     
491011           9.982125712        97.784829338        15.154636768        53.399493913 599     
669334          60.711233572        93.098748463         2.645338312        27.749891133 494     
855355           1.429383673        32.697383730        36.156626533        91.302603853 293     
126229          16.548242002        87.340231523        32.303064780         7.011340189 590     
834514          28.015124374        38.315644753        11.203600439        53.725230545 813     
245358          22.952985275        17.329459342        34.299814849        47.896092833 789     
319321          72.100935821        84.263797522        40.893866577        19.825927434 206     
391217          38.869376752        98.486079542        22.472881337        85.368807409 172     
878347          53.634111248        43.074071374        74.133726198        37.998373435 34      
233144          30.815207244        75.783693989        54.683152803        25.789548385 147     
956390          45.607206480        23.477917111        36.145570039        39.662537894 246     
203496          19.591813735        87.785064141        97.411571712        72.679924590 884     
941666          54.072173762        25.270681418        79.075481210        63.285226781 799     
61886           93.933974070        96.941255946        11.718167264        27.789822917 967     
61176           30.581544599         4.477208101        69.596213973         6.429365563 424     
110067          39.193759529        85.879941468        50.952934733        31.935462087 779     
304725          39.266943536        61.901813011        45.981120355        86.818320441 482     
339908           6.709788301        74.243062304         2.351875074        80.468708451 325     
610739          39.140833424        61.232915099        34.425586629        39.915733016 722     
689950          87.962893473        15.439580062        61.114004174        97.425568778 142     
21926           11.075616635        98.465479653        39.760977297        14.559232064 901     
886790          55.291670886         0.359963424        26.115442763        64.936454639 333     
466249          20.877305889        96.075402140        24.362458645        25.351625895 115     
830988          32.824867308        63.118701607        33.019493625        42.640657408 1       
113684          33.800192659        30.351631737        38.976778028         3.652266815 398     
148599          20.760363679        26.447444919        16.083248223        81.054847804 22      
299793           2.935154589        83.439948442         4.001471597        72.058894823 542     
886248          24.151063579        38.154267911        76.604821439        19.188876612 432     
602541          32.817629424        37.708901004        31.248637948         6.564763413 176     
792             23.326298554        92.141147236        25.891158050         0.314553833 157     
895542          11.131515566        50.574778858        95.981499284        94.529731578 737     
84572           47.364867701         4.789638772         9.477371743        57.242153901 355     
515313          72.846178158        25.252292035        81.289906284        98.850856787 907     
216369          31.789429144         4.896299977        98.503886799        28.370186507 691     
898741           6.744335193        54.512088855        63.650157846        50.582503356 743     
231422          42.181054002        80.150585056        63.526975016         2.782584574 78      
321117          13.857267151        17.763416587        27.598373903        98.293477965 929     
555480          15.616155656        27.866228174        56.419041789        59.257181476 912     
687270          45.542412265        12.342220009        38.390903388        41.945287597 559     
916552          20.359927724        51.061462643        16.285015261        36.857501099 592     
153300          93.938948602        51.045587359        75.147432842        54.077896228 215     
760106           2.911502458        62.096088097        11.722358652        32.819007733 930     
207452          38.992647093        40.725349376        26.940512525        92.417237640 266     
21829            2.823845961        68.633556314        39.456321960         5.174304710 431     
201303          55.680230329        52.950269494        45.558391932        54.875833721 395     
122610          34.365372918        31.779698560        91.244692644        19.210638273 403     
486667          34.116193621        15.169411808        76.621728926        27.457681546 616     
746344          16.875754900        88.118263200        46.589357965        60.875947274 367     
250731          39.802354165        12.175629086        57.689752898        89.837460196 499     
779555          29.766244976         5.824703885        28.025084863         5.165449422 880     
496127           7.343172367        29.162449154        55.142708923        53.894498457 86      
619999          86.034928307        99.362091855        26.445558869        47.969240951 909     
624673          66.068706617        90.925890013        24.104515727        42.054836530 41      
112571          71.730774475        29.672777130        64.972160854        90.671751807 119     
647179          80.999498274        91.759864685        97.645085730        22.352563986 370     
778645          74.563958730        57.777735649        90.380609535        44.669564176 517     
349199          76.984384155        75.696226485        78.467829772        16.194522975 304     
641336          10.165232718        49.049370862        71.825604249        44.953170635 349     
608106          76.722466615        76.547931248        53.539452750        33.746902106 99      
332131          75.459729222        41.219369047        60.389773593        74.292428620 581     
343470           2.091292149        15.546401461         8.099859159        10.446752696 88      
609649          52.900369035        85.817785335         8.839000584         1.889278193 429     
347128          37.248006212        82.578986788        27.850437514         7.970749639 54      
303465          66.239893164        37.340788210        19.680499646        86.142732774 427     
513724          90.338128894        19.131521324         2.667212240        77.731113968 944     
421424           2.566723351        48.523535103        17.097692201        58.511201076 98      
683796           4.033588302        60.773113950         5.650374631        88.398459057 409     
557844          43.167386925        69.611693614        15.930190328        56.246690250 18      
653945          98.937402360        10.368416731        28.506229194        76.049518854 745     
39623           79.774947906        45.225996445        42.995672543        19.152767618 575     
213638          98.103385401         7.164217994        28.403517045        42.211876508 952     
307543          65.034294588         6.487381691        73.592032180        17.815906997 134     
781127          93.512184527        33.891437251        23.566479312        27.691031040 784     
775710          47.858432612        38.289574498         6.245148614        30.944161547 586     
538322          51.906347051        68.825606133        22.123145133        68.594870520 804     
124649          37.332594072        64.098989335        21.440681737         5.442359618 37      
51842           99.529897790        96.649304091        57.620732311        46.100990173 569     
861983          14.826734814        71.914007394        11.316856435         4.283871233 812     
901230          91.634696708        34.614943208        13.962956679        89.333251899 602     
181280          37.442841365        31.896436730        82.198857745        13.821540925 260     
162697          45.675031474        99.529273398        70.327542778        74.091694546 961     
269089          44.606802954         3.648330364        44.374984887        48.204426849 92      
358204          28.221011221        56.913389499        75.688364562        57.942541964 3       
669554          77.208765668         9.553734532        54.485253521        86.071054833 261     
561706          71.450295870        43.138357858        61.803187551        33.535415208 697     
134145          89.041172582        36.704400892        25.953005737        61.474862158 117     
297970          49.774559740        24.984891306        19.787025018         8.034999941 14      
171754          66.492046911         9.050187184        34.185087937        78.335597172 839     
254866          74.485295179        33.987845314        33.603222856         0.826648070 658     
512913          48.757779130        14.016014162        66.795321388        37.997446092 504     
525571           4.093341310        75.582713612        43.958758069        82.177866531 649     
676447          71.610338579         8.877542625        84.793481046        57.538276742 860     
408671          35.556167436         6.436798036        12.086569978        75.880888351 235     
513251          47.844074339        10.164697310        69.101662114        36.121016812 475     
678053          71.009605420        84.414856872        17.571921013        45.786322201 823     
93796           45.350207248        83.248474338        76.912254433        89.048514359 741     
900546          52.580762874        47.901113124        84.316012579        62.473319262 696     
488760          54.839772967        94.189022812        76.179347577        89.599410640 360     
175391          12.087642544         3.563742622        70.725781755        41.343030260 694     
799826          81.250959888        81.139546444        41.619718996        40.565028249 284     
904532          49.117897975        66.124531741        91.833122699        48.503941220 870     
739350           4.917232311        89.439973062        91.153703680         0.824486975 272     
297333          67.213020803        18.265335692        67.715287302        36.566827783 497     
938961          23.967557884        98.110590244        33.277712407        70.545795916 130     
46989           12.250665837        70.471203240         1.537754252         5.050382235 768     
16348           72.784495613         6.307374214        73.084887291        50.452310809 571     
779419          50.338470891        68.560833757        14.652364843        17.925267810 460     
749676          63.906658536        35.028024507        90.967665164        86.387664609 340     
501595          42.176483990        81.417529109         0.862717746        63.550921036 747     
623992          47.617648486        21.852453539        37.999313946        53.866149114 938     
416144          10.653264223        37.943963017        10.556911539        15.895523812 390     
520515          95.191957980        49.855232932        84.312075296        81.371178705 844     
731743          91.802882943        48.156047038        69.814000638        85.604714394 373     
407297          52.129488580        53.163237473        97.271377199        93.481623265 503     
617925          77.455772590        99.666390240        35.760588033        99.934747908 624     
186543          28.456595211        46.377872892        80.995202543        21.908715009 351     
963834          67.658410450        77.895780891        25.636296986        91.506377863 811     
697115          80.570025385        50.254491130        86.785705300        86.273239593 108     
369159           7.002220556        13.625788652        33.590210244        97.489447083 179     
34860           61.997624805        90.399579283        74.176363864        99.388559111 660     
645799          65.264768888        25.621196299        35.313688424        43.155804328 204     
855855          19.855354441        34.981799385        59.215817447        14.116993266 554     
576009          16.787370335        84.966197125        52.334811132        44.925486772 670     
189799          61.888707270        44.483478774        44.187836780        99.140167085 570     
910636          38.054162237        47.961634824        35.274491169        43.961444546 191     
843106          96.116652024        55.780492476        68.044491756        54.745064898 803     
932846          77.153452032        32.486214724        25.153543215        45.820463147 966     
733891          89.979778259        48.936740331        59.914866946        51.426446756 200     
695863          34.062757939        19.999490372        30.340805621        36.485967002 528     
72827           43.587285273        16.834210868        91.329316237        30.959992654 x       
333174          11.624952515        85.980674112        38.738621846        78.889062545 617     
299863          92.417873745        83.991228478        88.713681197        68.410206804 734     
315221          24.474689629        31.711923697        91.777437335        36.639849860 793     
370155          35.768949524        45.406928356        59.353941537        23.332573789 964     
295235          52.925285293        20.980714899         1.512717167        84.330077442 904     
232487          84.486729842        47.016103706        54.021624918         1.063588870 420     
471126          40.948518782        97.227884771         3.146131484        96.600757396 780     
453252          44.453145404        49.357369364         6.629787369        37.194152749 801     
667402          21.428857591        99.595161998        88.643353657         7.480617742 962     
390886          62.963408863        78.843389763        54.828905753        87.434599072 418     
438263          72.640420923        47.934626992        48.480569061        74.200768909 150     
261928          27.326205596        65.728436047        53.969720955         1.688558082 330     
243975          92.820384201        38.677809652        27.682673913        64.676751286 416     
858897           9.687778677        83.864009294        24.882775765        16.103025832 557     
517099          96.886679367        92.805488065        89.975042331        46.372582435 201     
420379          45.220119458        98.949566075        63.742772371        80.729498649 229     
859257          39.208470826        11.438267669        94.249028373        91.925425738 976     
177120          61.290005376        30.557513743        81.525595056        71.811985680 721     
688235          32.328138240         3.843868796        15.752818459        82.807123435 430     
314536          72.379071656         0.572185777        92.537786033        52.329087528 577     
89682           88.060183886        34.029899809        48.382997700        94.836295496 217     
230477          17.232865758        13.936103855        81.623797973        51.021898059 446     
653379          62.191892392        71.770077854        73.165353417        40.848667361 479     
753128          24.719704029        64.188887599        23.597227249        84.576574529 861     
537158           2.602394395        36.379928909        34.233903402        55.989662716 32      
520959          66.814251014        92.821310617        68.009486915        62.196490057 821     
340682           5.783879463        72.672394093        59.054927109        43.990714140 936     
756936          65.546698265        18.226919388        54.761971658         5.523382727 182     
52136           58.484536442        45.048365148        49.780916803         2.215441032 927     
189819          97.868101536        46.345245671        41.621562529        56.091089322 711     
17480            7.485667076        75.317095924        43.603607182        30.600151792 35      
721397          37.959689274         9.077764279        22.711675319        64.339911122 882     
38117           65.431525936        56.855628627        60.895832372        16.837307112 399     
719500          86.500992750        56.125706263        95.616647025        75.463507154 655     
39706           22.344230832        89.676089219        22.028093613        64.567892843 61      
26296           79.221741994        67.511951128        88.579850522        25.019696282 941     
314616          56.368839782        58.059019698        92.155612132        60.452867480 543     
167708          45.320426983        13.112222744        46.182036170        49.710857411 720     
782645          49.402865816        34.486514777        23.523361627        85.631663326 837     
726001          94.023121363        50.969116430        19.609640909        94.087049879 785     
332744          37.206982442        14.477947564        24.303162741        58.643738145 541     
798893          19.681011980        95.926740479        22.424042013        97.764934241 510     
141521          52.253295094        35.798859958        59.681459876        24.855435046 890     
676422          73.794308587        22.987712241        23.005002912        24.630598704 502     
765276          70.907052165        14.003610195        82.228786989        54.255264272 121     
776622          74.220540800        48.123230666        11.198816892        12.674163857 989     
389989          18.393925025        46.676125149         0.055345491        67.679239857 550     
913002          85.857494394        98.184682818        50.017200740        77.191052205 13      
39385           72.705727333        16.903054119        45.701970164        11.240765632 480     
126275          89.286563797        72.411873501        41.333610931        76.077088167 307     
707058          21.346192134        41.777494009         4.696732058        48.389129183 203     
917859          54.128297735        99.867853213        62.579443231        49.969718297 286     
704657          48.891123267        33.056649100        49.976692245         4.004198108 876     
881275          55.242931040        78.556457837        22.380273889        52.010792866 719     
510520          53.847263579        80.865654034        80.189972350        73.657646384 710     
31820           73.019752097        60.009511542         9.368779879        47.701214849 850     
643291          43.957772131        43.594740549         9.843995724        46.953399264 638     
545248          28.350859286        27.390450983         8.839705681        12.041789296 274     
492218          65.656136271        29.701808450        53.419114106        34.991925496 50      
335198          99.243542616         6.648313102        61.878335550        95.765059833 344     
224358          88.552488547        64.384587124        78.776389408        92.561195135 114     
901762           6.923409255        89.960053411         6.358087557        20.035007896 825     
624258          88.418258117        28.440176461        28.151233848        85.791355444 762     
650043          66.837377083        65.066646031        18.829236649        27.895914515 343     
277023          83.373860092        51.435964553        22.581866567         8.032252367 606     
279004          84.883816423        10.999374046        65.433284788        15.364429910 378     
497673          44.034020104        95.429343554        96.864218262        82.025650364 920     
469182          65.591303688        11.577889963        85.314545621        45.810393314 547     
276893          30.423664772        68.472676758        30.763343076         1.042934538 605     
191685          82.209589406        60.008755201        62.421978909        30.786845543 672     
3944            75.027644116        76.155540415        64.938513493        18.252128311 67      
619850          81.758201892        19.103115302         8.072543498        71.914187884 462     
766510          21.918006295        82.114869715        95.603123876        60.521679151 4       
80895           44.561775942        50.239640874        13.611593527        65.234144711 887     
17942           76.456864352        46.158386737        20.697699602        23.343266245 280     
487029          61.402181601        82.296992092        48.849810865        30.130933068 508     
333403          18.067215995        18.150253751        12.261600571        61.500439360 600     
819693          89.674201970        12.993431189        67.459118498         0.706421475 207     
286693           8.124964895         4.620785283        68.663530260        93.451070223 661     
393363          70.409363401         4.974783101        97.474006463        29.506628224 742     
70450           80.913943701        40.709337031        45.279489194        66.444585246 540     
464505          93.613076520        69.690070445        95.710452409        88.389945231 9       
158953          79.641532718        14.120756608         5.119483897         0.982444968 64      
618397          67.801110862        58.584637881        21.981571298        21.120952596 756     
663772          71.219014697        86.627115145        43.128908174        50.343763545 769     
241511          82.355790342         3.543967603        48.321382925        78.806940034 942     
550595          26.722489125        17.613392851        90.321941381        51.243762716 701     
763823          52.697278598        75.050221347        40.478168583        48.573752733 137     
635264          93.734357411        63.265907163        84.001581589        60.458818425 94      
204814          79.721882183        90.881387797        16.384196596        60.202354214 327     
921420          16.431131704        63.774329778        82.157392528        55.844829454 874     
15356           70.122942273        59.812696646         5.694629672        74.625043590 717     
706775          83.140626824        53.843255542        57.858562840        10.093700798 591     
366656          84.599418247        79.542461498        43.942425185        67.555549069 148     
723359          34.205510745        86.496026858        17.667960135        86.774845388 580     
507047          84.979876296        82.034602400        98.726730995        65.071265289 800     
7365             6.235214692        41.364696470        65.552179396        38.144371757 52      
644854          42.007680819         4.444613826        76.279316541        97.392713660 404     
873328          39.156699495        15.485305784        91.294265515        87.881470688 26      
48590           33.036258334        83.117202672        65.897067388        42.661615214 693     
208413          97.068257144        17.899062793        97.194818597        91.659367575 287     
919529           4.433763319        71.834199402        89.452953222        53.203106859 631     
53957           70.403766401        92.391266254        12.313823308        16.038915897 319     
147184           7.609679523        99.630249288        49.353901076        19.845430539 913     
486098          51.085311203        48.320162800        68.867434728        91.793962355 457     
422767          11.414909636        11.243079565        45.302377483        98.312513155 750     
441759          86.473212452        27.430786241        32.942481578        48.107047665 309     
534780          55.824632662        90.858394825        42.964938179        68.011971175 685     
527732          69.988989369        25.189715780        17.102709328        32.562359631 265     
282048          79.754965724        16.069549225        98.960592871        18.799396363 73      
850887          65.161358360        96.057215261        12.902457084        27.758512466 342     
880497          89.807867803        37.041448439        24.485573221        86.719131823 594     
342159          20.545036776        49.023388718        93.489071881        62.399232113 372     
574716          82.324054718        28.947974126        97.632263631        19.001552620 105     
719825          30.513511673        29.364213631         8.568921044        87.688696853 572     
563529          74.011702824        81.492982154        25.703861315        47.836884122 234     
204560          22.113724480         8.119959591         4.860673555        17.764878448 630     
257004           9.814488862        82.089644836        77.625415168        63.333819139 358     
138456          75.582203114        60.630693760        82.806803149        24.564074915 379     
34972           28.360072714        68.298046578        87.268163003        87.626635928 324     
288504          26.962556768        36.514640979        23.538724395        39.398514221 381     
570928          94.081678183        63.456290946        28.332881103        40.858531849 149     
714356           0.627642637        96.145274945        74.330664105        92.280284720 122     
589730          25.565955487        28.553217841        58.714176709        51.995881292 62      
658528          46.109998703        76.211898317        61.744284518        46.391352858 932     
82608           81.128790960        68.818104300        97.456065942        50.872527838 442     
355272          22.226724791        39.698335852        77.269210945        17.703094397 237     
234314           1.076180294        47.827234214         5.921111849        82.696680161 704     
509386          16.281939532        52.552755640        27.060093368        98.227123349 713     
578002          72.029086949        23.783321563        45.629815512        16.685904236 356     
586931          51.573930296        55.199594935        26.486719404        86.783583946 101     
192662          47.889819865        95.460122265        79.404063897        89.338376081 735     
240415          21.998228988        32.825353878        56.746415884        97.631485806 109     
806402          79.514286153        78.853123375        89.317140289        73.891854482 79      
971729          55.897124847        35.816009564        97.523438860         7.138908669 251     
189465          21.577041087        42.109945694        87.712967858        76.690837109 534     
271755          22.195486203        33.629799562         8.665384929        16.979088091 716     
654827           0.524871545        96.890465554        67.507261503        58.840353565 394     
965755          30.417512056        18.757498020        26.894917503        32.663939058 388     
380309          45.168455033        64.995645440        30.968520356        91.075683391 786     
113121          33.243041123        50.908853327        91.285692844        81.603364186 922     
764798          18.499339719        61.269030134        52.360866241        54.574613432 815     
176225          22.174763551        68.492564699         6.176308553        45.751542653 558     
382969          91.140623536         9.701290940        32.218897609        46.647172728 326     
536420           1.199476816        78.506451470        22.190257970        13.048313867 565     
229902          18.358736363         1.128144298        28.916776890        58.660844021 562     
323150          74.542521559        61.476231205        37.002498358        95.187385252 896     
532066          65.833311413        51.011391010        30.212576072        98.937264419 955     
474409           1.020072497        53.397055905        10.560879055         7.546275475 848     
388145          40.034144442        25.130515638        92.452343399        86.948402526 977     
218050          13.121040875        92.010169816        16.157614154        45.870589968 305     
803056          77.663587237         1.403032641        33.133450229        35.214030157 949     
48765           29.854125367        87.565069538        17.105571054        55.187319235 40      
175892          96.002526238        18.987263800        99.536299833        83.235549707 683     
269920          34.677957381        47.946814951        83.664527558        75.435392386 963     
901133           5.070864587        43.774612320        22.788256537        46.026619851 489     
562600          92.785637651        53.687350879         0.448404544        31.831325442 902     
839044          79.784802780        12.867444925        32.043752254        34.709727880 767     
104772          72.501967218         9.729374840        18.028064436        92.581115571 899     
393872          20.800943328        22.409208952        27.849355050        10.823597346 310     
551827          61.351290706        13.030934853        34.566706240        27.509397190 100     
804799          22.405301784        47.528018241        70.328328063        92.211266918 180     
553101          86.357802714        65.956453158        60.268414859        28.224224966 875     
235038          67.689054614         8.959522858        76.650939916        35.702083108 948     
518596          49.845749078        56.819075932        92.647765465        93.507111875 522     
450716          30.014244193        30.178359092        49.558820578        44.893145265 548     
489546          40.158226236        18.510736519        28.360819836        11.550180094 928     
746990          26.297277798         0.460801354        66.579500832        98.259538904 845     
375273          74.738091280        67.388166211        60.597460412        55.996841169 23      
510728          95.143831891         4.297676782        37.290422329        14.124272748 74      
190869          37.752018956        65.664607102         5.335465038         3.720100157 268     
35673           75.822421073        45.375096395         9.626664707        16.910580760 573     
510006          37.142375789        97.747137050        99.502778065         2.868560166 840     
751368          48.685069298        32.525228210        23.397161652        34.037718436 564     
146198          75.407370120        20.242741909        29.335216641        23.294663701 724     
272974          84.117863513        80.770348507        20.090165913        42.872418854 778     
15410           65.518842462        20.645772162        20.041593394        42.236033304 822     
629861          79.859333377        72.453176881        95.879970483        40.222081332 91      
882521           8.131308939        39.247655375        98.065043198         6.786241413 732     
168679          24.180472473         8.484315706        47.042540839        90.399769016 87      
177715          25.238056003        72.821683292         9.154869285        41.594958227 140     
611504          45.119058647        95.347985421        20.358704810        90.101322103 830     
438225          84.876757677        22.435756145         2.064893658         1.691973456 551     
146543          69.473087902        41.518286182        27.811805616        34.627842293 644     
769475          91.260004354        15.663829839        11.455647227        49.052836032 6       
353083          21.492847051        30.276023851        39.824352373         0.974316665 667     
677994          72.174729596         6.374682313        45.895766029        39.049990940 505     
598013          95.082667024        89.414338013         5.563374342        87.593557917 185     
407257          52.258626753        96.443186116        49.530480700        20.493352011 524     
897539          45.969126516        39.989305866         9.076546463        67.849862996 152     
541438           8.518488203        16.458679199         4.448840299        67.367294419 12      
882769           0.047996710        78.587066828        84.205039569         6.697389963 438     
977127          94.529636532        69.468683918        67.951050405        80.211672354 754     
300354          47.860290650        56.812975726        92.150026017        39.194011069 289     
193383          15.072544281        81.580135265         8.462967986         7.542100835 334     
95733           44.381495496        70.402372718        97.415649307        77.676765633 247     
896640           1.346381748        46.168077752        36.198527559         3.958507111 730     
101773          30.088468347        22.521341414         9.055240872        54.138802313 699     
1192            29.449633985        87.044192644        77.417740880        66.570539151 159     
184772          75.870445012        58.016273756        13.235320608        96.037566306 202     
94629            6.849310573         2.839456096        56.502221303        56.636744739 923     
393498          27.303214389        17.865159163        27.463430990        30.970317709 700     
899678          25.976664600        68.083607237        54.959022649         2.527082932 296     
633217          56.582634764        73.626493965        86.283243260        28.456650574 301     
654413          43.893770790        98.112846956        45.570611400        93.190194493 678     
92544           50.943666782        29.160087790         0.830914681        95.157069303 506     
502330          77.524985298        37.027388173        82.189507114         3.665234824 290     
10491           57.292175831         5.880690034        38.346479773        71.696027898 978     
586559          37.620616447        59.539334092        54.673466336        24.590278202 407     
422784          20.863194618        71.883242697        38.569396438        49.901147897 906     
837442          99.116430121        25.149902703        87.833284476        50.644656956 158     
494750          67.920190830        56.095560680        16.104839756        22.929619615 461     
468131          28.019278702         2.255503934        10.234482124        84.386614257 297     
982142          45.601137782         0.672533759         6.612913206        31.022422906 759     
585508          77.485383420        59.449904324        11.196838918        83.664511916 749     
618985          31.351201178        96.304970521        13.003856153        20.802136770 612     
735459          36.053646797        27.134033597        83.597371481        86.152230329 512     
683221          92.888590355        50.489912438        41.903882229        58.614779546 790     
982457          42.564980453         6.111603743        82.507807397         3.905864403 178     
207278          76.654226661        68.575697173        85.132339961        13.257308058 453     
145074          88.208931931        17.317992142        35.077978119        38.711047332 715     
624361          59.014445404        88.521667294        97.699392941        97.373118333 348     
794153          27.408787151        88.599213489        72.987258637        48.905155008 863     
646882          70.471376900        67.727272119        51.135283863         6.291751844 465     
691929           4.223702877        23.668344748        74.768891771        98.053198157 389     
357124          28.128851670        94.568571599        33.214303947        31.330412996 365     
840100          29.899048173        24.273417151        98.348151566        71.325171253 536     
47839           54.522545097        57.714067548        24.983224736        32.836366992 640     
666738          46.066701140        72.238486102        88.947192625         4.315091856 549     
458574          43.782003819        19.383533185        91.781962356        81.085867873 946     
525540          19.401309566        71.626111007        39.576789655        53.093815394 501     
429040          50.600801322         8.979290578         4.555331070         2.061437309 951     
606310          83.947650320        83.788255502        29.982199932        66.147531447 469     
316377           4.045753078        49.740467116        16.964255606        86.500209549 935     
351393          54.291403525        61.156525830         2.116122024        93.631418497 65      
198159          74.597141070        35.772692158        15.380181338        52.950740963 224     
402250          62.483344029        45.007922044        58.834765188        22.174350523 43      
273938          74.424713166        55.427327453        37.179819269        39.702843279 39      
111318          25.742521373        91.468273869         6.817884317        18.858886743 464     
473118          52.623021559        41.748939549        39.412852771        39.889965829 689     
996364          87.958052554        41.374939646        55.100554989        23.104220072 x       
759014          55.061042751         9.241189662        78.578709127         7.953506841 452     
676028          37.509122901        53.501268911        16.189030969        48.023559801 584     
781453          70.197655315        10.820161473        35.548540908        18.030746782 579     
726249          14.380775487        71.260462769        85.923857110         8.157249404 132     
381916          18.346012360        41.589121645        27.522495745        87.154458039 17      
771575          13.435379595        68.321305232        88.453649474        55.744828618 123     
312815          63.382404064        24.249389385        57.684109433        88.179308732 560     
247984          84.812210896        74.932817423         7.462387567        31.799423329 908     
683747          66.107195236        50.109273046        24.540471198        76.852011997 477     
327337          79.499550263        84.501336086        34.457100394        77.430601210 945     
596005          77.371021542        97.173732653        76.440430679        34.116648354 728     
316171          85.350583929        15.916072504        20.334112278        74.249544326 774     
195660          26.347081267        95.776824535        53.444793885        20.078204213 187     
729598          45.630627011        79.344043367        20.360225435        67.388184863 523     
466146          88.748106478        36.353609431         4.342776979        91.883241119 433     
151479          80.742147715         7.911692493        71.691747542        76.303420057 891     
834433          86.763016100        56.561440744         5.785074040        89.699592732 415     
942388          21.842637696        93.735948364        99.187873300        42.527103053 241     
507211          94.293087217        28.705020609        38.464827358        13.141260472 842     
453709          72.483358095        84.277475665        10.354259519        28.716500472 972     
40891           97.161327252        29.682903376        29.558252921         3.867465614 992     
843444          99.436964640        53.871085182        35.965453040        64.906625417 143     
538593          80.887507585        22.399472909        65.173095477        10.356105383 731     
15125           39.069259312        58.892848023        95.434945657        40.954728894 632     
569178          88.018758866        65.686979137        80.604947250        58.203016608 662     
847278          86.937172289        36.894815973        34.339376860        50.103846393 375     
852397          90.927962780        76.664161548        12.140174193        79.909289534 368     
860122          92.282847615        33.591080315        91.667236048        40.228552049 228     
544390          50.163263367        16.013205808        51.130489555        89.793967614 598     
965132           5.825581814         5.842520617         8.849248704        24.100107889 679     
863971          82.029089512        48.403340595        74.734760155        99.617841016 186     
836809          93.606302635         8.242826755        91.736965056        42.923359791 751     
226193          40.458199013        71.475886846         0.529374572        27.446740257 686     
765058           2.143566389         8.559727670        95.652535117        36.006144233 585     
237620          79.366761262        71.285685990        98.936509425        25.148015553 918     
784314          69.068513948        89.448016547        48.845843242        94.083124967 146     
382590           4.075770035        86.827857720         1.786194097        58.882089771 684     
973694           9.016096076        68.878248225         8.103994064        91.906764347 733     
422119          52.551666838        74.939377838        82.315803976        70.816956126 873     
521876          91.548807029        39.909561372        96.413819658        31.459733799 133     
15442            2.370799495        34.868930495        91.478018893        21.095940972 939     
680197           3.432910709        11.805350264        71.576438834        28.635071550 331     
875692          95.202656958        80.663292139        98.516496273        27.633434809 353     
902623          65.619690982        47.195313792        97.301503404        42.436868926 981     
704200          11.257543252        13.270155073        47.996773562        92.605052217 332     
651153          91.696343709        27.565840072        52.538261924        66.661689248 563     
927083          79.095654203        13.932375525        60.923041635        97.215454932 226     
658010          50.503125443        59.433060326        61.728765351        19.542215651 321     
614780          62.574350141        34.113292225        41.296396264        47.568566086 292     
393054          80.570070059        23.993532486        75.242639140        47.066903965 620     
355938          41.245960074        24.006140507        57.326354398        23.304077854 766     
219830          66.208877861        48.695946859        25.651171893         7.319685608 931     
56793           92.640001856        85.250122814        67.649329539        67.617214090 47      
553012          75.224933287        15.089723761        25.572177233        60.945481081 703     
675775          74.952169368        87.162047164         0.920008278         5.371141616 783     
782980          72.819764979        80.899107430        83.605880739        19.152635235 45      
670995           9.844793180        72.615776941        79.876660374        71.692828094 184     
172219          19.025137065        24.200354944        27.738934152        56.390732004 56      
510169          11.670906325        86.916667045        99.895281399        18.622771570 408     
744040          97.043479848        47.994976773        82.260910830        62.110984651 458     
508111          41.410026109        31.120753157        45.375742433        21.144147562 669     
907138          54.476538320        64.575420378         4.602380166        52.231520419 958     
520755          81.207175631        28.980954871        46.211659101        68.360138484 566     
747786          87.785526439        89.335073307        28.339200561        73.538703731 518     
814107           6.302331599        79.680218961        85.779672572        85.168473245 302     
675192          80.107815708        77.075263891        71.217542976        40.585701108 836     
476851          76.695721382        50.720273906        98.689820818        50.209645690 970     
649428          87.573280241        32.970508145         8.745121245        42.087495468 604     
34417           17.022650870        59.759181109        11.067094106        17.977578493 530     
966539           9.064195654        63.587429018        81.602032659        44.259004429 934     
263802          75.694524263        52.139508784        79.193921604         5.876489307 492     
970200          81.490990104        37.759066021        80.646339109        54.245618546 675     
467330          21.337355221        91.665708539        23.127387566        22.557321824 753     
174859           1.021758355        51.323502304        39.267005797        96.531372153 509     
501205          82.060920192         7.605691203        38.318477824        38.568631001 145     
983265          81.898991364        89.058522944         1.982038298        87.831506432 320     
531231          86.149834455        30.827259275        58.271530150         1.948096416 240     
320926          49.107126419        88.212323431        33.502631383        28.827939248 447     
677022          22.135274270        26.071827225        58.147373292        12.628529091 727     
754214          20.249133559        56.892766540         9.986671628        59.648429606 21      
88987            4.302946894        18.530903875        37.075075181        26.858655182 561     
794949          16.653313059        72.201779712        28.988524881        68.748473986 897     
445341          37.654924284        61.594072827        95.791494738        25.259347147 279     
45224           49.898046512        37.915785965        79.891520498        66.335825545 515     
68668           89.468554121        63.878570778        95.304570348        21.687789539 621     
25253           48.963929208         4.394636614        61.700410414        74.665651865 111     
716656          44.111552560        66.329315564         7.216767705        49.173591416 83      
117912          82.448837900        36.585273682        92.593491452        15.075938467 82      
906026          60.739997153        35.610491339        94.135976590        55.404291371 843     
621073          46.743167027        36.806245592        94.610328865        23.140519304 520     
564715           5.983931617        45.129989584        14.220928016        92.503420228 338     
422578          54.502652245        11.387717204        12.128742617        81.296185008 646     
922198          21.160483198        14.297692095        51.366602618         4.484027987 77      
553811          64.549167897        91.265805552        90.337299785        24.748885523 448     
706073          56.534115516        68.347387255        23.186426571        49.914445949 633     
743314          21.409464901        85.467534106        73.886891680        39.012930643 49      
891606          54.511767952        42.479499315        70.566118885        28.532740549 210     
605499          33.269939806        76.987563373        25.025086080        10.777021529 773     
779710          60.753770246        95.206231326        84.962334443        38.335824204 249     
224195          67.464925034        40.515824073        57.333583887        55.343966182 601     
721768          19.106480421        89.635736534        90.822478221        68.851012508 635     
15843            7.534491173         5.381382674        72.163342460        34.479443679 516     
203620           3.336377052        84.469016475        19.461203856        28.336225969 956     
952533          29.221570001        98.118088912        55.816289426        42.161773103 189     
116736          95.724550197        25.083157489         9.176702753        57.122622041 869     
81277           54.044089230        26.518281005        31.371823212        99.852644652 317     
944785          86.726468544        21.666082911        22.322905395        21.580695415 242     
427891           2.210010473        72.439187802        79.241775778        32.610550577 772     
142489          63.144655614         1.746551715        36.976658678         2.361168126 371     
151967          92.814365321         9.341608227        38.742243288        16.276594037 193     
261133          49.285498405        98.831918486        72.073247690        98.429371150 277     
770315          44.947310932        76.829025523        22.241301488        11.961594630 112     
572177          14.769805723        39.102214050        73.327611746        34.813320357 654     
437948          15.753147782         1.235899617        81.114117874        12.196161569 20      
323728          74.551402553         5.342163043         8.796379478        43.052211953 220     
795115          16.665987771        89.180567645        24.263515398        95.197175790 376     
673244          68.731349464        74.103873120        46.848441423        76.066032113 915     
105155          16.019429993        26.249860090        20.466304176        47.683491329 339     
439612           0.274167300        48.797172973        14.362091150        97.850855426 647     
24428           94.325494004        61.670254051        39.203896811        29.899118169 867     
562606           3.550976663         8.900155461        47.693204696        81.798712430 255     
405832          18.869061713        39.464255780        24.804374264        15.521048852 221     
295495          57.075446321        13.217837780        91.035594275        31.322835915 x       
27346            7.636270673        91.437322184        64.532042715        41.073252086 300     
423454          96.320938335        88.497402280        75.779170758        99.407580569 181     
516029           8.682704967        90.351175208        32.100378297        89.845726478 322     
250181          43.330104498        91.173421096        48.426537195        85.569416390 459     
620426          30.052200135        86.948825937        95.281693744         6.993257401 871     
514708          46.407210961        85.078388868        70.727783273        94.176504217 443     
636551          72.203646532        95.175746185        56.769751499        79.110253515 85      
556895          38.028867981        42.662788632        46.800421868        69.802268196 478     
147319          38.481136932        26.957253986        65.315964414        91.901056092 236     
712901          83.208103835        35.257979997        39.036623920        30.315531640 663     
674815          76.852241265        61.766208879        47.627441568        83.881733001 847     
728483          45.403758769        20.707375668        43.478071880        14.708166863 72      
185968          97.037072517        12.710497536        26.313340863        62.476587134 526     
238063          93.876706336        60.009754093        49.064242222        36.120937397 341     
30479           96.591238468        40.040747998        33.046620737        45.058990629 947     
500541          57.006133652        55.351133639        36.328295915        95.572054915 856     
845175          94.320103672        78.423818002         5.289825809        51.261903781 807     
113214          97.279674036        44.867456440        35.547333403        97.822694655 269     
94789           51.464419995        70.243643208        11.502185005        44.054707067 30      
17911            3.605029657        69.397025721        48.669959620        17.847534033 615     
66278           73.882718184        74.573972083        50.331788308        88.259596327 31      
294256          29.517388802        41.464615211        60.006218583        67.488366936 402     
52857           59.096312032        26.323524347        98.093233927        39.641955315 354     
490129          67.499008524        54.048346674        48.213874392        90.706769079 411     
321267          24.585568486         8.687907045         4.616191102        32.307511367 323     
762323          45.671743976        75.138783006         9.316914862        13.816241350 306     
219939          22.486713503        13.924693276        93.136942335        37.845386448 165     
660923          89.608565877        67.236789776        25.909202165        37.766514171 58      
207585          57.489380256        20.643667533        44.211303104        48.433437730 641     
968758          62.466208790        84.570741977        78.724879348        28.748622215 x       
317493          65.304990768        53.584475437        81.283631594         7.660372972 988     
341150          34.507428274         7.918145181        90.271616242        38.638685431 352     
157811          92.411532296         3.567721661        21.718712595        49.616242347 623     
624186          42.192668945        40.100655579        39.732342996        61.418098736 603     
15656           29.716611777        99.339339884        62.023326031        57.223145259 883     
594792          99.738536706        94.500766492         5.764247521        48.880814708 792     
26814           51.318326189        24.461580097        91.725218912        40.059778327 905     
242403          95.465281742        84.015375755        73.696460474        37.986292221 553     
403981          27.750259791        70.696192235        60.476405530         8.210609543 984     
513784          10.873500248        38.355151898        73.619854680        34.078601055 128     
327752          25.937812228        89.964464654        66.850466567        76.278259922 973     
459646          32.040708226        48.636317634        85.583163099        64.346664389 70      
30629           94.784304504        70.440240846        37.752709014        64.815384346 596     
236656          27.356044632         3.486767384        96.471466983        59.261437861 816     
803064          40.133650372        85.534913020        20.518568359        70.396046156 173     
80500           84.012959214        15.710120352        74.262881080        94.534558045 614     
429951          82.859999665        43.109983270        13.541209982        58.787067976 171     
213638          49.082270561        62.667479275        26.754139228        64.945964510 983     
991863          72.577682981        65.834008090        42.142856651        15.539399900 781     
195538          35.975866046        11.389028207        53.812700737        28.510026737 794     
532431          44.008441973        86.905263482        36.797384213         4.400755127 126     
204234          79.390071961        54.969744340        13.980492850        42.584542490 335     
162590          85.810490828        86.176053493        24.819053356        53.608647080 491     
910388          68.715611962        55.457363029        46.415110626        15.821260515 535     
718593          51.154213710        41.935393145        31.070148722        99.166442364 574     
383775          32.397998104        20.463176069        69.992819420        82.509009530 120     
163852          61.359701725        75.078870605        76.217962715        63.542980434 396     
667586          17.391425417        34.476705308         6.996213172        86.252634839 412     
270073           6.967136249        96.858002637        10.818173389        64.300176721 16      
370593          29.969466498         1.500997879        61.637963168        10.318178422 406     
311059          98.807338032        28.791807161        38.136379769        24.520524473 788     
934505          13.754115046        73.683453992         0.219164601        97.740912143 57      
63149           41.741134735        39.067401846        29.752774817        12.997044874 25      
699210          66.208895133        23.078076859        25.345963087        54.647471949 271     
960678          88.310707646         3.651439717         4.037497066        36.680088313 298     
480596          20.757734566        84.619805103        77.575197002         9.260292820 231     
460430           3.513471484         0.581644952        24.462905200        47.349624222 66      
454919          89.616476069        56.598060936        92.144306111        87.986602721 259     
329232          76.456269852        12.306300023         9.197705850        47.052418482 383     
642783          82.058202298        11.028697073        55.083193918        23.906379253 597     
366122          23.449886571        16.196915285        18.015953286        92.970078933 162     
859340          56.492466659        31.183041274         4.059893784         1.509121350 809     
388930          18.487285274        97.664543553        89.799538187        94.441708689 587     
12675           93.996904457        14.779533410        82.701849924        29.816359031 75      
444623           9.674139440         4.297374806        96.920717321        77.859986604 864     
986998          33.882553571        98.373670568         8.884662714        64.669091773 391     
903827          46.870653949        86.837323194         5.804128192        38.701843667 511     
609499          45.376725231        33.569913646        71.091622775        79.102212142 472     
215577          40.335477163        84.908803203        72.256850475        83.227884848 444     
404445          23.440057880        34.699221782        63.243795351        30.672501494 903     
764713          11.553218041        33.355590849        41.053555785        46.714533539 682     
457576          34.009894227        39.159489827        37.679084940        11.389857180 770     
3681            60.130443327        14.349993265        13.902685422        55.844878818 611     
318751          97.246172945        49.417453477        70.209468480        21.014324731 53      
777793          92.005982327        35.646644738        64.731330000        53.297509587 466     
437654          70.971784032        40.255896760        41.537780265        69.723986632 895     
832425          51.145989202        46.344723254        16.523676063        74.471423044 69      
41203           80.838649279        84.880215586        35.709649195        12.831082826 212     
